1	3.38, 5.78
10	43.62, 155.74
12	0.12, 0.04
14	1516.12, 3070.83
16	231.00, 744.43
18	8.38, 57.22
21	1202.12, 5149.96
23	28.88, 37.70
25	1.62, 0.57
27	15.25, 16.04
29	0.12, 0.13
3	1.12, 3.65
30	1.88, 1.43
32	0.38, 1.09
34	0.12, 0.04
36	0.12, 6122.43
38	2258.00, 4103.17
41	6.88, 15.09
43	0.12, 1.91
45	13.00, 108.83
47	97.88, 455.74
49	1.00, 4.91
5	0.12, 475.70
50	228.88, 326.13
52	2.62, 4.13
54	0.12, 0.04
56	3.25, 6.09
58	0.25, 0.13
61	19.12, 38.43
63	1.00, 1.30
65	1.00, 0.65
67	105.12, 114.70
69	95.00, 940.43
7	1359.75, 1161.17
70	522.12, 786.35
72	41.88, 83.43
74	232.50, 352.04
76	0.25, 0.13
78	108.25, 190.09
81	0.12, 0.35
83	23.00, 23.91
85	69.75, 73.52
89	1.00, 13.65
9	2.12, 31.17
90	0.38, 0.17
92	0.38, 0.09
94	0.62, 4.74
96	0.38, 0.26
98	127.75, 125.96
