11	10.38, 11.09
13	69.25, 74.39
15	0.12, 0.13
17	218.38, 268.74
19	607.50, 970.04
2	0.25, 0.17
20	1308.88, 2236.52
24	70.25, 218.22
26	0.25, 2.91
28	0.12, 0.04
31	263.75, 569.83
35	0.75, 13.43
37	1021.25, 2672.35
39	14.12, 29.74
4	6.25, 1.61
40	1303.25, 1500.57
42	24.00, 362.91
44	0.12, 0.04
46	672.75, 2217.70
48	55.00, 259.13
51	96.12, 237.83
53	47.25, 113.74
55	0.75, 1.35
59	1.12, 0.96
6	1.00, 0.70
60	13.50, 17.43
62	16.62, 16.48
64	35.62, 36.04
66	52.75, 85.61
68	21.25, 51.26
71	961.88, 1368.74
73	7.88, 19.43
75	15.88, 26.09
77	31.50, 59.52
79	9.50, 7.26
8	4.38, 9.35
80	15.75, 19.52
82	32.75, 136.61
84	58.75, 263.91
86	0.12, 0.26
88	0.25, 0.57
91	4.75, 7.04
95	0.50, 0.57
97	0.88, 0.17
99	12.38, 10.22
